4294967294,0
4294967279,255
4294967278,325
4294967279,253
4294967278,219
4294967278,246
4294967278,241
4294967279,238
4294967278,237
4294967279,289
4294967278,234
4294967278,285
4294967279,307
4294967278,228
4294967279,500
4294967278,224
4294967279,224
4294967278,222
4294967279,220
4294967279,218
4294967278,262
4294967279,437
4294967278,329
4294967279,453
4294967279,306
4294967279,451
4294967279,210
4294967279,310
4294967278,365
4294967279,204
4294967278,201
4294967279,449
4294967278,353
4294967279,199
4294967279,198
4294967278,196
4294967279,477
4294967279,467
4294967279,193
4294967278,191
4294967278,189
4294967279,190
4294967279,189
4294967278,444
453,4
454,4
4294967278,186
4294967278,185
4294967279,277
4294967279,466
366,2
4294967278,368
4294967278,401
4294967279,460
362,2
4294967278,178
4294967279,221
4294967278,177
4294967278,175
4294967279,282
80,2
4294967279,173
4294967278,171
4294967278,170
4294967279,305
4294967279,169
79,2
4294967278,394
4294967278,163
4294967279,164
4294967279,163
4294967279,494
92,2
366,5
366,4
365,8
365,6
365,4
180,2
362,5
362,4
4294967294,1607
87,6
87,5
4294967279,158
4294967278,156
4294967278,154
450,4
4294967279,154
4294967279,302
410,2
410,4
4294967278,361
4294967279,301
399,2
399,4
4294967279,149
4294967278,390
4294967278,147
4294967279,475
4294967278,295
398,5
398,2
398,4
4294967279,145
4294967278,144
4294967279,144
4294967278,143
4294967279,143
4294967279,142
4294967278,141
4294967279,141
4294967278,140
4294967279,140
4294967278,438
4294967279,472
4294967278,335
393,6
393,5
393,2
393,4
4294967279,279
4294967278,276
4294967279,137
4294967278,136
4294967279,135
4294967278,134
4294967279,133
4294967278,305
438,2
4294967278,271
4294967278,283
4294967279,273
4294967278,269
4294967278,268
4294967279,421
432,2
4294967279,270
4294967278,266
4294967279,269
4294967278,323
4294967279,287
4294967278,280
4294967279,267
4294967278,381
4294967279,266
4294967294,1601
430,6
430,5
430,2
430,4
438,4
4294967279,458
4294967278,382
428,5
428,2
428,4
4294967279,262
4294967278,257
4294967279,489
4294967278,360
4294967278,281
423,2
423,4
4294967279,397
4294967278,333
4294967279,428
4294967278,330
4294967278,328
4294967279,396
4294967278,358
4294967279,393
4294967278,357
4294967279,268
4294967278,327
4294967294,1602
4294967278,437
422,2
422,4
4294967279,391
4294967278,254
4294967279,254
4294967278,253
4294967279,415
4294967278,252
4294967279,250
4294967278,250
4294967279,485
4294967278,248
4294967278,423
421,5
421,2
421,4
4294967279,246
4294967278,244
4294967279,244
4294967278,337
4294967279,242
432,4
4294967278,240
4294967279,454
4294967278,238
420,5
420,2
420,4
4294967279,237
4294967278,236
4294967279,236
4294967278,344
4294967279,234
4294967278,232
4294967279,232
4294967278,287
4294967279,230
4294967279,299
419,2
419,4
4294967278,377
4294967278,422
4294967279,440
4294967278,284
417,2
417,4
4294967279,222
4294967278,233
4294967278,218
4294967279,225
4294967278,216
4294967279,481
4294967278,231
416,2
4294967279,280
4294967278,213
4294967279,214
4294967278,212
4294967279,389
4294967278,211
4294967279,212
4294967278,210
4294967279,211
4294967278,209
4294967279,423
4294967278,208
4294967279,499
4294967278,279
381,2
4294967279,208
4294967278,206
4294967279,207
4294967278,205
4294967279,298
4294967278,204
4294967279,205
4294967278,203
4294967279,275
4294967278,202
4294967279,394
4294967294,1658
4294967278,229
4294967279,202
4294967278,200
4294967279,201
4294967278,301
4294967279,200
4294967278,198
4294967279,510
4294967278,197
4294967279,496
4294967278,387
361,2
4294967279,197
4294967278,195
4294967279,196
4294967278,347
4294967279,195
4294967278,193
4294967279,138
4294967279,194
4294967278,255
419,5
416,4
4294967279,511
4294967278,372
359,2
4294967279,402
418,4
4294967278,402
4294967279,465
4294967278,436
4294967279,297
358,2
4294967278,188
4294967279,443
414,6
4294967279,188
4294967279,422
4294967278,369
415,4
4294967279,187
4294967279,478
4294967278,225
4294967279,186
4294967278,320
4294967279,185
4294967279,455
4294967278,443
81,4
4294967278,182
4294967279,387
357,2
357,4
4294967278,181
4294967279,464
4294967278,180
4294967279,181
4294967278,179
4294967279,180
4294967278,391
4294967279,179
4294967278,342
4294967279,178
4294967278,176
4294967279,177
4294967279,283
4294967278,363
4294967279,176
4294967278,173
4294967278,399
4294967278,172
4294967279,219
4294967278,331
4294967279,172
4294967278,352
350,5
350,2
350,4
4294967279,171
4294967278,169
4294967279,170
4294967278,168
4294967278,227
4294967279,318
4294967278,398
4294967279,168
4294967279,295
4294967279,167
4294967279,260
4294967279,174
4294967279,231
4294967279,300
4294967278,165
4294967279,166
4294967294,271
4294967278,164
241,5
241,6
353,6
353,5
354,4
4294967294,1639
4294967279,315
4294967278,351
4294967294,127
4294967294,68
4294967294,120
4294967294,451
4294967294,599
4294967279,427
4294967278,162
4294967279,293
4294967294,1427
4294967278,432
347,2
4294967279,162
4294967278,307
4294967279,161
4294967278,159
4294967279,473
4294967278,158
4294967278,273
4294967279,290
4294967278,157
4294967278,296
4294967279,430
87,4
4294967279,156
4294967278,155
4294967279,251
4294967278,256
4294967279,424
345,2
4294967278,153
350,6
356,5
347,4
4294967279,153
4294967278,404
4294967279,288
4294967278,151
4294967279,509
4294967278,150
80,4
4294967278,338
379,4
292,4
333,4
333,8
4294967294,39
4294967294,494
359,4
4294967279,147
79,4
77,4
98,7
98,5
379,5
120,5
361,4
327,4
327,5
381,4
4294967294,1604
4294967294,501
358,4
4294967294,500
195,4
391,5
224,5
4294967294,1599
390,5
223,4
4294967294,1425
221,4
220,4
322,5
324,5
326,5
4294967294,1442
5,4
4294967294,426
345,4
4294967294,498
4294967294,497
4294967294,493
4294967294,97
298,5
59,4
4294967294,488
4294967294,418
4294967294,1537
4294967294,1430
365,7
365,5
4294967294,1432
199,4
339,6
4294967294,1637
4294967294,273
165,4
4294967294,1436
4294967279,507
4294967279,136
288,2
4294967279,286
4294967279,410
92,7
92,6
92,5
92,4
180,6
180,5
4294967278,135
273,5
180,4
4294967279,471
4294967278,343
4294967279,462
4294967278,417
273,4
4294967279,292
4294967279,291
4294967279,274
4294967294,50
4294967294,387
4294967294,167
4294967294,180
4294967294,1423
4294967294,1459
4294967294,479
4294967294,1635
4294967294,476
4294967294,480
4294967294,1634
204,4
4294967294,81
4294967294,115
4294967294,388
4294967294,1448
4294967294,116
4294967294,1745
4294967294,1743
4294967294,1734
4294967294,1752
4294967294,1763
4294967294,509
4294967294,1760
4294967294,1759
4294967294,1732
4294967294,1761
4294967294,1750
4294967294,1784
4294967294,1746
4294967294,1738
4294967294,1755
4294967294,1753
4294967294,1791
4294967294,499
4294967294,1560
4294967294,486
4294967294,221
4294967294,266
4294967294,1783
4294967294,1788
4294967294,504
4294967294,1790
4294967294,1749
4294967294,506
4294967294,1751
4294967294,1645
4294967294,1567
4294967294,1778
4294967294,1777
4294967294,1776
4294967294,1764
4294967294,1618
4294967294,1565
4294967294,496
4294967294,222
4294967294,269
4294967294,1789
4294967294,27
4294967294,104
4294967294,106
4294967294,160
4294967294,168
4294967294,82
4294967294,1418
4294967294,18
4294967294,1
4294967294,11
192,250
4294967278,364
4294967278,321
4294967278,940
4294967278,939
4294967278,938
4294967278,937
4294967278,936
4294967278,935
4294967278,934
4294967278,933
4294967278,932
4294967278,931
4294967278,930
4294967278,929
4294967278,928
4294967278,927
4294967278,926
4294967278,925
4294967278,924
4294967278,923
4294967278,922
4294967278,921
4294967278,920
4294967278,919
4294967278,918
4294967278,917
4294967278,916
4294967278,915
4294967278,914
4294967278,913
4294967278,912
4294967278,911
4294967278,910
4294967278,909
4294967278,908
4294967278,907
4294967278,906
4294967278,905
4294967278,904
4294967278,903
4294967278,902
4294967278,901
4294967278,900
4294967278,899
4294967278,898
4294967278,897
4294967278,896
4294967278,895
4294967278,894
4294967278,893
4294967278,892
4294967278,891
4294967278,890
4294967278,889
4294967278,888
4294967278,887
4294967278,886
4294967278,885
4294967278,884
4294967278,883
4294967278,882
4294967278,881
4294967278,880
4294967278,879
4294967278,878
4294967278,877
4294967278,876
4294967278,875
4294967278,874
4294967278,873
4294967278,872
4294967278,871
4294967278,870
4294967278,869
4294967278,868
4294967278,867
4294967278,866
4294967278,865
4294967278,864
4294967278,863
4294967278,862
4294967278,861
4294967278,860
4294967278,859
4294967278,858
4294967278,857
4294967278,856
4294967278,855
4294967278,854
4294967278,853
4294967278,852
4294967278,851
4294967278,850
4294967278,849
4294967278,848
4294967278,847
4294967278,846
4294967278,845
4294967278,844
4294967278,843
4294967278,842
4294967278,841
4294967278,840
4294967278,839
4294967278,838
4294967278,837
4294967278,836
4294967278,835
4294967278,834
4294967278,833
4294967278,832
4294967278,831
4294967278,830
4294967278,829
4294967278,828
4294967278,827
4294967278,826
4294967278,825
4294967278,824
4294967278,823
4294967278,822
4294967278,821
4294967278,820
4294967278,819
4294967278,818
4294967278,817
4294967278,816
4294967278,815
4294967278,814
4294967278,813
4294967278,812
4294967278,811
4294967278,810
4294967278,809
4294967278,808
4294967278,807
4294967278,806
4294967278,805
4294967278,804
4294967278,803
4294967278,802
4294967278,801
4294967278,800
4294967278,799
4294967278,798
4294967278,797
4294967278,796
4294967278,795
4294967278,794
4294967278,793
4294967278,792
4294967278,791
4294967278,790
4294967278,789
4294967278,788
4294967278,787
4294967278,786
4294967278,785
4294967278,784
4294967278,783
4294967278,782
4294967278,781
4294967278,780
4294967278,779
4294967278,778
4294967278,777
4294967278,776
4294967278,775
4294967278,774
4294967278,773
4294967278,772
4294967278,771
4294967278,770
4294967278,769
4294967278,0
4294967278,768
4294967278,767
4294967278,766
4294967278,765
4294967278,764
4294967278,763
4294967278,762
4294967278,761
4294967278,760
4294967278,759
4294967278,758
4294967278,757
4294967278,756
4294967278,755
4294967278,754
4294967278,753
4294967278,752
4294967278,751
4294967278,750
4294967278,749
4294967278,748
4294967278,747
4294967278,746
4294967278,745
4294967278,744
4294967278,743
4294967278,742
4294967278,741
4294967278,740
4294967278,739
4294967278,738
4294967278,737
4294967278,736
4294967278,735
4294967278,734
4294967278,733
4294967278,732
4294967278,731
4294967278,730
4294967278,729
4294967278,728
4294967278,727
4294967278,726
4294967278,725
4294967278,724
4294967278,723
4294967278,722
4294967278,721
4294967278,720
4294967278,719
4294967278,718
4294967278,717
4294967278,716
4294967278,715
4294967278,714
4294967278,713
4294967278,712
4294967278,711
4294967278,710
4294967278,709
4294967278,708
4294967278,707
4294967278,706
4294967278,705
4294967278,704
4294967278,350
4294967278,349
4294967278,346
4294967278,341
4294967278,340
4294967278,336
4294967278,334
4294967278,326
4294967278,324
4294967278,319
4294967278,318
4294967278,317
4294967278,316
4294967278,315
4294967278,314
4294967278,312
4294967278,311
4294967278,310
4294967278,309
4294967278,308
4294967278,303
4294967278,299
4294967278,298
4294967278,297
4294967278,294
4294967278,293
4294967278,291
4294967278,290
4294967278,260
4294967278,289
410,100
4294967278,690
410,111
410,110
410,83
410,109
410,108
410,107
410,106
410,105
410,104
410,103
410,92
410,91
410,90
410,89
410,88
410,87
410,102
410,86
410,101
410,85
410,94
410,99
410,98
410,82
410,97
410,60
410,96
4294967278,689
410,95
410,79
410,93
410,75
410,74
410,73
410,72
410,71
410,70
410,69
410,68
410,84
410,65
4294967278,688
410,81
410,64
410,80
410,67
410,78
410,77
410,76
4294967278,687
410,57
410,56
410,55
410,54
410,53
410,51
410,52
410,50
410,59
410,66
410,0
410,46
410,47
410,63
410,62
410,61
4294967278,686
410,44
410,58
410,43
410,41
410,39
410,37
410,35
410,33
410,31
410,49
410,29
410,48
410,26
410,24
410,45
4294967278,685
410,21
410,42
410,40
410,38
410,36
410,34
410,32
410,30
410,15
410,14
410,13
410,12
410,11
410,10
410,28
410,6
410,27
410,7
410,25
410,8
410,23
410,9
410,22
410,20
410,5
410,19
410,18
4294967278,684
410,17
410,16
4294967278,383
286,2
399,16
399,0
399,15
399,14
399,12
399,13
4294967278,683
399,11
399,5
399,10
399,9
399,8
399,7
399,6
4294967294,1428
4294967278,682
4294967278,416
398,7
398,0
398,6
4294967278,267
4294967279,491
4294967294,1451
4294967294,1642
4294967294,1641
4294967294,52
4294967294,25
239,4
393,9
393,0
393,8
4294967294,1458
4294967293,131
4294967293,130
4294967293,129
4294967293,128
4294967293,127
4294967293,126
4294967293,125
4294967293,124
4294967293,123
4294967293,122
4294967293,121
4294967293,120
4294967293,119
4294967293,118
4294967293,117
4294967293,116
4294967293,115
4294967293,114
4294967293,113
4294967293,112
4294967293,111
4294967293,110
4294967293,109
4294967293,108
4294967293,107
4294967293,106
4294967293,105
4294967293,104
4294967293,103
4294967293,102
4294967293,101
4294967293,100
4294967293,99
4294967293,98
4294967293,97
4294967293,96
4294967293,95
4294967293,94
4294967293,93
4294967293,92
4294967293,91
4294967293,90
4294967293,89
4294967293,87
4294967293,86
4294967293,85
4294967293,84
4294967293,83
4294967293,82
4294967293,81
4294967293,80
4294967293,79
4294967293,78
4294967293,77
4294967293,76
4294967293,75
4294967293,74
4294967293,73
4294967293,72
4294967293,71
4294967293,70
4294967293,69
4294967293,68
4294967293,67
4294967293,66
4294967293,65
4294967293,64
4294967293,63
4294967293,62
4294967293,61
4294967293,60
4294967293,59
4294967293,58
4294967293,57
4294967293,56
4294967293,55
4294967293,54
4294967293,53
4294967293,52
4294967293,51
4294967293,50
4294967293,49
4294967293,48
4294967293,47
4294967293,46
4294967293,45
4294967293,44
4294967293,43
4294967293,42
4294967293,41
4294967293,40
4294967293,39
4294967293,38
4294967293,37
4294967293,36
4294967293,35
4294967293,34
4294967293,33
4294967293,32
4294967293,31
4294967293,30
4294967293,29
4294967293,28
4294967293,27
4294967293,26
4294967293,25
4294967293,24
4294967293,23
4294967293,22
4294967293,21
4294967293,20
4294967293,19
4294967293,18
4294967293,17
4294967293,16
4294967293,15
4294967293,14
4294967293,13
4294967293,12
4294967293,11
4294967293,10
4294967293,9
4294967293,8
4294967293,7
4294967293,6
4294967293,5
4294967293,4
4294967293,3
4294967278,132
4294967278,131
4294967278,130
4294967278,129
4294967278,275
4294967278,128
4294967278,125
4294967278,243
4294967278,124
4294967278,123
4294967278,122
4294967278,235
4294967278,121
4294967278,120
4294967278,119
4294967278,118
4294967278,117
4294967278,116
4294967278,115
4294967278,114
4294967278,113
4294967278,112
4294967278,111
4294967278,110
4294967278,109
4294967278,108
4294967278,107
4294967278,106
4294967278,105
4294967278,104
4294967278,103
4294967278,102
4294967278,101
4294967278,100
4294967278,99
4294967278,98
4294967278,97
4294967278,96
4294967278,95
4294967278,94
4294967278,93
4294967278,92
4294967278,91
4294967278,90
4294967278,89
4294967278,87
4294967278,86
4294967278,85
4294967278,84
4294967278,83
4294967278,82
4294967278,81
4294967278,80
4294967278,79
4294967278,78
4294967278,77
4294967278,76
4294967278,75
4294967278,74
4294967278,73
4294967278,72
4294967278,71
4294967278,70
4294967278,69
4294967278,68
4294967278,67
4294967278,66
4294967278,65
4294967278,64
4294967278,63
4294967278,62
4294967278,61
4294967278,60
4294967278,59
4294967278,58
4294967278,57
4294967278,56
4294967278,55
4294967278,54
4294967278,53
4294967278,52
4294967278,51
4294967278,50
4294967278,49
4294967278,48
4294967278,47
4294967278,46
4294967278,45
4294967278,44
4294967278,43
4294967278,42
4294967278,41
4294967278,40
4294967278,39
4294967278,38
4294967278,37
4294967278,36
4294967278,35
4294967278,34
4294967278,33
4294967278,32
4294967278,31
4294967278,30
4294967278,29
4294967278,28
4294967278,27
4294967278,26
4294967278,25
4294967278,24
4294967278,23
4294967278,22
4294967278,21
4294967278,20
4294967278,19
4294967278,18
4294967278,17
4294967278,16
4294967278,15
4294967278,14
4294967278,8
4294967278,348
4294967279,131
4294967279,294
4294967279,130
4294967279,129
4294967279,125
4294967279,124
4294967279,123
4294967279,261
4294967279,122
4294967279,121
4294967279,256
4294967279,120
4294967279,119
4294967279,118
4294967279,117
4294967279,116
4294967279,115
4294967279,114
4294967279,113
4294967279,112
4294967279,111
4294967279,110
4294967279,109
4294967279,108
4294967279,107
4294967279,106
4294967279,105
4294967279,104
4294967279,103
4294967279,102
4294967279,101
4294967279,100
4294967279,99
4294967279,98
4294967279,97
4294967279,96
4294967279,95
4294967279,94
4294967279,93
4294967279,92
4294967279,91
4294967279,90
4294967279,89
4294967279,87
4294967279,86
4294967279,85
4294967279,84
4294967279,83
4294967279,82
4294967279,81
4294967279,80
4294967279,79
4294967279,78
4294967279,77
4294967279,76
4294967279,75
4294967279,74
4294967279,73
4294967279,72
4294967279,71
4294967279,70
4294967279,69
4294967279,68
4294967279,67
4294967279,66
4294967279,65
4294967279,64
4294967279,63
4294967279,62
4294967279,61
4294967279,60
4294967279,59
4294967279,58
4294967279,57
4294967279,56
4294967279,55
4294967279,54
4294967279,53
4294967279,52
4294967279,51
4294967279,50
4294967279,49
4294967279,48
4294967279,47
4294967279,46
4294967279,45
4294967279,44
4294967279,43
4294967279,42
4294967279,41
4294967279,40
4294967279,39
4294967279,38
4294967279,37
4294967279,36
4294967279,35
4294967279,34
4294967279,33
4294967279,32
4294967279,31
4294967279,30
4294967279,29
4294967279,28
4294967279,27
4294967279,26
4294967279,25
4294967279,24
4294967279,23
4294967279,22
4294967279,21
4294967279,20
4294967279,19
4294967279,18
4294967279,17
4294967279,16
4294967279,15
4294967279,13
4294967279,6
393,7
4294967279,14
4294967279,278
4294967278,13
4294967278,681
438,209
438,118
192,416
438,208
438,207
4294967278,680
438,117
192,415
192,249
438,116
4294967278,679
192,414
438,115
438,206
192,413
4294967278,678
438,114
192,412
438,113
192,248
4294967278,677
192,411
438,112
438,205
4294967278,676
438,111
192,410
438,110
192,409
4294967278,675
192,247
438,202
438,109
192,408
4294967278,674
438,108
192,407
438,204
438,203
438,107
4294967278,673
438,200
192,406
192,246
438,106
438,201
438,13
192,405
4294967278,672
438,105
192,404
438,104
438,199
4294967278,671
192,245
192,403
438,103
4294967278,670
438,102
192,402
438,197
438,198
438,101
192,401
4294967278,669
192,244
438,100
192,400
4294967278,668
438,99
438,195
192,399
438,196
438,98
4294967278,667
192,398
438,97
192,243
4294967278,666
192,397
438,38
438,96
192,396
438,95
4294967278,665
438,94
192,395
192,242
4294967278,664
438,32
438,93
192,394
438,194
438,129
438,193
438,10
438,92
4294967278,663
192,393
438,91
192,392
192,241
4294967278,662
438,90
438,0
438,192
438,131
192,391
438,89
4294967278,661
192,390
438,133
438,29
438,88
438,132
438,41
4294967278,660
192,389
192,240
438,87
192,388
438,86
4294967278,659
438,85
192,387
4294967278,658
438,84
192,239
192,386
438,83
4294967278,657
192,385
192,0
438,82
192,384
4294967278,656
438,81
192,238
438,46
192,383
438,80
4294967278,655
192,382
438,79
4294967278,654
438,78
438,130
192,381
438,60
192,237
438,128
438,77
438,63
438,25
192,380
4294967278,653
438,76
438,62
438,61
192,379
4294967278,652
438,75
192,378
438,74
192,236
4294967278,651
192,377
438,73
4294967278,650
192,376
438,72
438,59
438,58
438,71
192,375
192,235
4294967278,649
438,70
192,374
4294967278,648
438,69
192,373
438,68
4294967278,647
192,372
192,234
438,67
438,55
192,371
4294967278,646
438,66
192,370
438,65
438,50
4294967278,645
192,233
438,64
192,369
4294967278,644
438,57
192,368
438,56
438,44
192,367
438,54
4294967278,643
438,53
192,232
192,366
4294967278,642
438,52
192,365
438,51
438,39
4294967278,641
192,364
438,49
438,48
192,231
192,363
438,47
4294967278,640
438,45
192,362
4294967278,639
438,43
192,361
192,230
438,42
4294967278,638
192,360
438,40
438,11
192,359
4294967278,637
438,37
192,358
438,36
192,229
438,35
438,15
4294967278,636
192,357
438,34
4294967278,635
192,356
438,33
438,17
438,31
4294967278,634
192,355
192,228
438,30
192,354
4294967278,633
438,28
192,353
438,27
4294967278,632
192,227
192,352
438,26
438,24
438,14
4294967278,631
192,351
438,23
438,22
192,350
4294967278,630
192,226
438,21
192,349
4294967278,629
438,20
192,348
438,19
4294967278,628
192,347
438,18
192,225
192,346
4294967278,627
438,16
192,345
438,12
4294967278,626
192,344
438,5
438,9
192,224
4294967278,625
192,343
438,8
438,7
438,6
4294967278,12
192,342
4294967278,624
4294967279,12
432,5
432,9
432,0
432,8
432,7
432,6
4294967278,623
4294967278,11
4294967279,11
4294967278,10
4294967278,277
4294967279,10
4294967278,9
4294967278,403
4294967279,9
4294967279,223
4294967279,8
4294967278,7
226,2
4294967279,7
4294967278,6
4294967278,292
225,7
225,6
225,5
225,2
4294967278,622
417,11
417,0
417,10
417,5
192,341
417,9
192,223
4294967278,621
192,340
417,8
417,7
417,6
192,339
4294967278,620
4294967278,5
4294967279,5
416,12
416,0
416,10
416,11
416,9
416,5
416,8
416,7
416,6
4294967278,4
4294967278,415
4294967279,4
4294967279,276
217,2
4294967278,619
381,260
381,210
381,259
192,338
192,222
381,258
4294967278,618
381,209
381,207
192,337
381,257
381,208
381,0
381,11
381,256
192,336
4294967278,617
381,127
381,199
381,126
192,221
192,335
4294967278,616
381,125
192,334
381,124
381,206
4294967278,615
381,123
381,205
381,204
381,203
381,202
192,333
381,201
381,200
381,122
381,197
192,220
381,121
4294967278,614
192,332
